# BASENAME, ROLL, PITCH, YAW, LAT, LON, ALT, LOCAL_HEIGHT, TX, TY, TZ, CAM_IDX, CAM_MODEL, CAM_PARAMS[]
1333117660759699, -0, -0, -0, 0, 0, 0, 0, -0, 0, -0, 1, PINHOLE, 600.947856253, 598.736855093, 387.361606124, 247.311443255
1333117660960777, -0.00368284829892, -0.0212509557605, -0.0283406898379, 0, 0, 0, 0, -0.0281640570292, -0.0169263960473, -0.0107916015709, 1, PINHOLE, 600.947856253, 598.736855093, 387.361606124, 247.311443255
1333117661161616, -0.00648950506002, -0.0434067733586, -0.0389512628317, 0, 0, 0, 0, -0.0716644519557, -0.0311917478553, -0.0215055297905, 1, PINHOLE, 600.947856253, 598.736855093, 387.361606124, 247.311443255
1333117661362519, 0.00432762969285, -0.0438365899026, -0.0250929519534, 0, 0, 0, 0, -0.103553636425, -0.0662545947597, -0.0303533107389, 1, PINHOLE, 600.947856253, 598.736855093, 387.361606124, 247.311443255
1333117661563439, 0.00885835662484, -0.0634485557675, -0.00516313128173, 0, 0, 0, 0, -0.146979825915, -0.100446870923, -0.0394617030512, 1, PINHOLE, 600.947856253, 598.736855093, 387.361606124, 247.311443255
1333117661764024, 0.0106145450845, -0.0807182714343, 0.00875662080944, 0, 0, 0, 0, -0.192345683808, -0.135641547756, -0.0446759373689, 1, PINHOLE, 600.947856253, 598.736855093, 387.361606124, 247.311443255
1333117661964822, 0.0184156056494, -0.0928342118859, 0.00392764573917, 0, 0, 0, 0, -0.228387733496, -0.165496034274, -0.0499129748064, 1, PINHOLE, 600.947856253, 598.736855093, 387.361606124, 247.311443255
1333117662165886, -0.0398851856589, -0.0657856166363, -0.00212474749424, 0, 0, 0, 0, -0.240158771498, -0.204186743125, -0.0496867675437, 1, PINHOLE, 600.947856253, 598.736855093, 387.361606124, 247.311443255
1333117662366848, -0.110948689282, 0.00714193750173, 0.00734724942595, 0, 0, 0, 0, -0.267454115745, -0.26596767573, -0.0227565535891, 1, PINHOLE, 600.947856253, 598.736855093, 387.361606124, 247.311443255
1333117662567769, -0.125636801124, 0.0334758386016, 0.0223570279777, 0, 0, 0, 0, -0.320902490337, -0.340380633076, 0.0134533949777, 1, PINHOLE, 600.947856253, 598.736855093, 387.361606124, 247.311443255
1333117662768464, -0.109758712351, -0.0298057384789, 0.0381295345724, 0, 0, 0, 0, -0.390505989973, -0.460121841701, 0.0409709547252, 1, PINHOLE, 600.947856253, 598.736855093, 387.361606124, 247.311443255
1333117662969308, -0.0788080021739, -0.105991959572, 0.0416692495346, 0, 0, 0, 0, -0.485579601934, -0.608305749051, 0.06493910312, 1, PINHOLE, 600.947856253, 598.736855093, 387.361606124, 247.311443255
1333117663170090, -0.0629708170891, -0.151036009192, 0.0336371995509, 0, 0, 0, 0, -0.543798727769, -0.788519064038, 0.0847436296745, 1, PINHOLE, 600.947856253, 598.736855093, 387.361606124, 247.311443255
1333117663370921, -0.0422864072025, -0.079551666975, 0.0314649417996, 0, 0, 0, 0, -0.566216549408, -0.959806206309, 0.120156289889, 1, PINHOLE, 600.947856253, 598.736855093, 387.361606124, 247.311443255
1333117663571833, 0.029600976035, -0.0109693463892, 0.036413885653, 0, 0, 0, 0, -0.575737676088, -1.13892758093, 0.155005592952, 1, PINHOLE, 600.947856253, 598.736855093, 387.361606124, 247.311443255
1333117663772705, 0.104126185179, -0.00512684881687, 0.0413968451321, 0, 0, 0, 0, -0.606013958647, -1.31779078183, 0.174060084183, 1, PINHOLE, 600.947856253, 598.736855093, 387.361606124, 247.311443255
1333117663973732, 0.11177007854, -0.0415544100106, 0.0354368239641, 0, 0, 0, 0, -0.657128120634, -1.44120469535, 0.185872004139, 1, PINHOLE, 600.947856253, 598.736855093, 387.361606124, 247.311443255
1333117664174914, 0.0765010416508, -0.0234328433871, 0.0292908139527, 0, 0, 0, 0, -0.701282026181, -1.53127895429, 0.197663881349, 1, PINHOLE, 600.947856253, 598.736855093, 387.361606124, 247.311443255
1333117664375949, 0.0482026226819, 0.00575329829007, 0.0336150340736, 0, 0, 0, 0, -0.745312704743, -1.59646053262, 0.205978719898, 1, PINHOLE, 600.947856253, 598.736855093, 387.361606124, 247.311443255
1333117664576933, 0.0417544990778, 0.0218390114605, 0.0413096509874, 0, 0, 0, 0, -0.809209929667, -1.63727141479, 0.212036026971, 1, PINHOLE, 600.947856253, 598.736855093, 387.361606124, 247.311443255
1333117664777890, 0.0581129863858, 0.0171978659928, 0.0516035705805, 0, 0, 0, 0, -0.90047247513, -1.67840012516, 0.212316184565, 1, PINHOLE, 600.947856253, 598.736855093, 387.361606124, 247.311443255
1333117664979037, 0.0707604810596, 0.0324744768441, 0.064537383616, 0, 0, 0, 0, -0.99877259628, -1.69419918147, 0.205189780775, 1, PINHOLE, 600.947856253, 598.736855093, 387.361606124, 247.311443255
1333117665179939, 0.0597380101681, 0.0351100452244, 0.0746342912316, 0, 0, 0, 0, -1.12786235292, -1.69694609148, 0.194073205135, 1, PINHOLE, 600.947856253, 598.736855093, 387.361606124, 247.311443255
1333117665380827, 0.0480383336544, 0.0243402831256, 0.0720672234893, 0, 0, 0, 0, -1.27654319296, -1.67771566556, 0.17906319359, 1, PINHOLE, 600.947856253, 598.736855093, 387.361606124, 247.311443255
1333117665581673, 0.0431598350406, 0.0498271659017, 0.0724547058344, 0, 0, 0, 0, -1.43499570202, -1.64418014993, 0.171213274835, 1, PINHOLE, 600.947856253, 598.736855093, 387.361606124, 247.311443255
1333117665782569, 0.012611486949, 0.0142635591328, 0.0718252509832, 0, 0, 0, 0, -1.63307414078, -1.59621152059, 0.156649786025, 1, PINHOLE, 600.947856253, 598.736855093, 387.361606124, 247.311443255
1333117665983454, 0.00779440952465, 0.00606853095815, 0.0809535682201, 0, 0, 0, 0, -1.82162027003, -1.55264302648, 0.142707861692, 1, PINHOLE, 600.947856253, 598.736855093, 387.361606124, 247.311443255
1333117666184405, 0.0291244443506, 0.0169928055257, 0.0925061702728, 0, 0, 0, 0, -2.0107474489, -1.51066790839, 0.134758249213, 1, PINHOLE, 600.947856253, 598.736855093, 387.361606124, 247.311443255
1333117666385076, 0.0150564434007, 0.0022227729205, 0.102859675884, 0, 0, 0, 0, -2.2175817316, -1.4572743111, 0.130941214416, 1, PINHOLE, 600.947856253, 598.736855093, 387.361606124, 247.311443255
1333117666585845, -0.00578481843695, -0.0411601662636, 0.100532151759, 0, 0, 0, 0, -2.411447609, -1.40186161139, 0.117350620872, 1, PINHOLE, 600.947856253, 598.736855093, 387.361606124, 247.311443255
1333117666786561, 0.00116463203449, -0.0361562781036, 0.102683633566, 0, 0, 0, 0, -2.60395119723, -1.34843370169, 0.118103487558, 1, PINHOLE, 600.947856253, 598.736855093, 387.361606124, 247.311443255
1333117666987480, 0.000726702914108, -0.00579857826233, 0.107203736901, 0, 0, 0, 0, -2.77677655196, -1.29536519985, 0.122338811331, 1, PINHOLE, 600.947856253, 598.736855093, 387.361606124, 247.311443255
1333117667188431, 0.00382739841007, 0.024778701365, 0.118930026889, 0, 0, 0, 0, -2.94383807586, -1.24057404599, 0.126855797322, 1, PINHOLE, 600.947856253, 598.736855093, 387.361606124, 247.311443255
1333117667389077, -0.00859508197755, 0.0327258706093, 0.12573684752, 0, 0, 0, 0, -3.12570226332, -1.19059036331, 0.126592304442, 1, PINHOLE, 600.947856253, 598.736855093, 387.361606124, 247.311443255
1333117667589705, -0.0189393870533, 0.0448836907744, 0.128963977098, 0, 0, 0, 0, -3.31190814601, -1.15119881191, 0.125948134255, 1, PINHOLE, 600.947856253, 598.736855093, 387.361606124, 247.311443255
1333117667790328, -0.0181446466595, 0.0748661831021, 0.13034774363, 0, 0, 0, 0, -3.50284074918, -1.10768192858, 0.12596016663, 1, PINHOLE, 600.947856253, 598.736855093, 387.361606124, 247.311443255
1333117667991411, -0.0249046590179, 0.0706061199307, 0.128477871418, 0, 0, 0, 0, -3.71497065725, -1.08230689006, 0.118812095967, 1, PINHOLE, 600.947856253, 598.736855093, 387.361606124, 247.311443255
1333117668192360, -0.0369211398065, 0.0234787277877, 0.126741603017, 0, 0, 0, 0, -3.94654033329, -1.07259709033, 0.102841500001, 1, PINHOLE, 600.947856253, 598.736855093, 387.361606124, 247.311443255
1333117668393700, -0.0451141558588, -0.0779611617327, 0.118548691273, 0, 0, 0, 0, -4.17107483577, -1.06435667679, 0.0771315834041, 1, PINHOLE, 600.947856253, 598.736855093, 387.361606124, 247.311443255
1333117668594614, -0.0424459651113, -0.0852787196636, 0.114923447371, 0, 0, 0, 0, -4.36674890907, -1.0637584956, 0.0727966811946, 1, PINHOLE, 600.947856253, 598.736855093, 387.361606124, 247.311443255
1333117668795783, -0.0545335374773, -0.0683194845915, 0.114467456937, 0, 0, 0, 0, -4.52474019507, -1.07324075771, 0.0817760601004, 1, PINHOLE, 600.947856253, 598.736855093, 387.361606124, 247.311443255
1333117668996535, -0.0520098991692, -0.0427577346563, 0.116281941533, 0, 0, 0, 0, -4.65045536846, -1.09811001371, 0.0956860556261, 1, PINHOLE, 600.947856253, 598.736855093, 387.361606124, 247.311443255
1333117669197386, -0.0531385242939, -0.0409888327122, 0.113498300314, 0, 0, 0, 0, -4.76152453538, -1.13401715966, 0.109384090781, 1, PINHOLE, 600.947856253, 598.736855093, 387.361606124, 247.311443255
1333117669398408, -0.00516267260537, 0.0150933209807, 0.109147295356, 0, 0, 0, 0, -4.83709953166, -1.18533945969, 0.133641457005, 1, PINHOLE, 600.947856253, 598.736855093, 387.361606124, 247.311443255
1333117669599424, 0.0381997749209, 0.0676348209381, 0.107308529317, 0, 0, 0, 0, -4.91500372158, -1.23819812707, 0.151258816364, 1, PINHOLE, 600.947856253, 598.736855093, 387.361606124, 247.311443255
1333117669803534, 0.0212906450033, 0.0542986430228, 0.0808510184288, 0, 0, 0, 0, -5.01824873934, -1.27622656075, 0.158377565253, 1, PINHOLE, 600.947856253, 598.736855093, 387.361606124, 247.311443255
1333117670005158, 0.0285927783698, 0.0626642554998, 0.0596129670739, 0, 0, 0, 0, -5.1333703888, -1.29777925111, 0.167339344053, 1, PINHOLE, 600.947856253, 598.736855093, 387.361606124, 247.311443255
1333117670206118, -0.00213409238495, 0.0262839496136, 0.0499619171023, 0, 0, 0, 0, -5.27435561549, -1.30282316312, 0.167013513318, 1, PINHOLE, 600.947856253, 598.736855093, 387.361606124, 247.311443255
1333117670406927, 0.000457673944766, -0.175586536527, 0.0402436591685, 0, 0, 0, 0, -5.40906436689, -1.31644236568, 0.137157520327, 1, PINHOLE, 600.947856253, 598.736855093, 387.361606124, 247.311443255
1333117670608362, -0.047229744494, -0.277763545513, 0.0264557488263, 0, 0, 0, 0, -5.47417691431, -1.32695865969, 0.11580114524, 1, PINHOLE, 600.947856253, 598.736855093, 387.361606124, 247.311443255
1333117670809094, -0.103236183524, -0.18627923727, 0.0195366684347, 0, 0, 0, 0, -5.45126199479, -1.33770550789, 0.132602321585, 1, PINHOLE, 600.947856253, 598.736855093, 387.361606124, 247.311443255
1333117671009854, -0.069407992065, -0.0193956010044, 0.0212485268712, 0, 0, 0, 0, -5.3808205129, -1.36744604714, 0.171873425889, 1, PINHOLE, 600.947856253, 598.736855093, 387.361606124, 247.311443255
1333117671210652, -0.0009442299488, 0.0354258529842, 0.0332983210683, 0, 0, 0, 0, -5.29848979788, -1.42674450414, 0.193990655882, 1, PINHOLE, 600.947856253, 598.736855093, 387.361606124, 247.311443255
1333117671411448, 0.0444738268852, 0.0129184322432, 0.0411316119134, 0, 0, 0, 0, -5.24053156338, -1.49034864493, 0.201916630734, 1, PINHOLE, 600.947856253, 598.736855093, 387.361606124, 247.311443255
1333117671612371, 0.088354498148, 0.0686210989952, 0.06091010198, 0, 0, 0, 0, -5.18673571654, -1.53904263369, 0.217166851207, 1, PINHOLE, 600.947856253, 598.736855093, 387.361606124, 247.311443255
1333117671813552, 0.0579738467932, 0.118424601853, 0.0807469189167, 0, 0, 0, 0, -5.16810824855, -1.55130322284, 0.226333645313, 1, PINHOLE, 600.947856253, 598.736855093, 387.361606124, 247.311443255
1333117672014799, 0.00560975354165, 0.0978922024369, 0.0840906351805, 0, 0, 0, 0, -5.19347231524, -1.54137754119, 0.221034388812, 1, PINHOLE, 600.947856253, 598.736855093, 387.361606124, 247.311443255
1333117672216025, -0.00864762254059, 0.0935563519597, 0.0819459334016, 0, 0, 0, 0, -5.25022221076, -1.53719432067, 0.217232461015, 1, PINHOLE, 600.947856253, 598.736855093, 387.361606124, 247.311443255
1333117672417287, 0.00378648051992, 0.127340748906, 0.0849730148911, 0, 0, 0, 0, -5.33207884863, -1.53117350291, 0.21489177678, 1, PINHOLE, 600.947856253, 598.736855093, 387.361606124, 247.311443255
1333117672618260, 0.0108149303123, 0.112725146115, 0.0822296366096, 0, 0, 0, 0, -5.45776229934, -1.54031646558, 0.202816088438, 1, PINHOLE, 600.947856253, 598.736855093, 387.361606124, 247.311443255
1333117672819012, 0.0136272581294, 0.0601733215153, 0.0714553594589, 0, 0, 0, 0, -5.62265518428, -1.53450832037, 0.186627098945, 1, PINHOLE, 600.947856253, 598.736855093, 387.361606124, 247.311443255
1333117673019758, -0.00259909871966, -0.00183648336679, 0.0548742488027, 0, 0, 0, 0, -5.79398573475, -1.53036348174, 0.16833127968, 1, PINHOLE, 600.947856253, 598.736855093, 387.361606124, 247.311443255
1333117673220589, -0.0125687988475, -0.0878851935267, 0.0347782075405, 0, 0, 0, 0, -5.96785237569, -1.52786462977, 0.141836076414, 1, PINHOLE, 600.947856253, 598.736855093, 387.361606124, 247.311443255
1333117673421518, 0.000362194754416, -0.111945390701, 0.0196021664888, 0, 0, 0, 0, -6.10406774123, -1.54205341324, 0.13002638777, 1, PINHOLE, 600.947856253, 598.736855093, 387.361606124, 247.311443255
1333117673622657, 0.0157728865743, -0.0836309716105, 0.0107637541369, 0, 0, 0, 0, -6.19318798869, -1.5525801812, 0.1330688078, 1, PINHOLE, 600.947856253, 598.736855093, 387.361606124, 247.311443255
1333117673823746, 0.0150718893856, -0.0675367861986, 0.0115104774013, 0, 0, 0, 0, -6.24648442538, -1.56307822469, 0.14127336348, 1, PINHOLE, 600.947856253, 598.736855093, 387.361606124, 247.311443255
1333117674024584, 0.00123016058933, -0.079987116158, 0.0132493749261, 0, 0, 0, 0, -6.28173635506, -1.57218606116, 0.145644052192, 1, PINHOLE, 600.947856253, 598.736855093, 387.361606124, 247.311443255
1333117674225420, 0.00379421794787, -0.0764295756817, 0.0121131949127, 0, 0, 0, 0, -6.28906378349, -1.58299180682, 0.156713889411, 1, PINHOLE, 600.947856253, 598.736855093, 387.361606124, 247.311443255
1333117674426293, -0.00444696610793, -0.0316315293312, 0.0122996931896, 0, 0, 0, 0, -6.26232728844, -1.58836569303, 0.175633574783, 1, PINHOLE, 600.947856253, 598.736855093, 387.361606124, 247.311443255
1333117674627167, -0.00524080032483, -0.0335117615759, 0.0124310646206, 0, 0, 0, 0, -6.2364127159, -1.60781078643, 0.186008348857, 1, PINHOLE, 600.947856253, 598.736855093, 387.361606124, 247.311443255
1333117674831852, 0.0164678152651, -0.026593869552, 0.0176176056266, 0, 0, 0, 0, -6.19936445691, -1.63552299302, 0.199163118128, 1, PINHOLE, 600.947856253, 598.736855093, 387.361606124, 247.311443255
1333117675033216, 0.0347813405097, -0.000942020968068, 0.0141664380208, 0, 0, 0, 0, -6.15088843534, -1.65778106259, 0.21553513773, 1, PINHOLE, 600.947856253, 598.736855093, 387.361606124, 247.311443255
1333117675233984, 0.0349502749741, 0.025300944224, 0.0054245213978, 0, 0, 0, 0, -6.10192460184, -1.66549699413, 0.229864335767, 1, PINHOLE, 600.947856253, 598.736855093, 387.361606124, 247.311443255
1333117675434740, 0.031338788569, 0.0305512994528, 0.00495680421591, 0, 0, 0, 0, -6.06400533188, -1.667454005, 0.23899432339, 1, PINHOLE, 600.947856253, 598.736855093, 387.361606124, 247.311443255
1333117675635692, 0.0352869294584, 0.0399175137281, 0.0114603890106, 0, 0, 0, 0, -6.03558834514, -1.65103627032, 0.245674904224, 1, PINHOLE, 600.947856253, 598.736855093, 387.361606124, 247.311443255
1333117675837245, 0.0127184698358, 0.0348960757256, 0.0188656952232, 0, 0, 0, 0, -6.02202506858, -1.62280649645, 0.245982836293, 1, PINHOLE, 600.947856253, 598.736855093, 387.361606124, 247.311443255
1333117676038262, -0.00596529664472, 0.00916723068804, 0.0259493198246, 0, 0, 0, 0, -6.01693599282, -1.58564283016, 0.239203927774, 1, PINHOLE, 600.947856253, 598.736855093, 387.361606124, 247.311443255
1333117676238978, -0.00940983183682, 0.0204977560788, 0.032998457551, 0, 0, 0, 0, -6.00675278526, -1.55015688023, 0.236468957417, 1, PINHOLE, 600.947856253, 598.736855093, 387.361606124, 247.311443255
1333117676439882, -0.0115836104378, 0.043075632304, 0.0336386449635, 0, 0, 0, 0, -5.99776356028, -1.51998954914, 0.234512656533, 1, PINHOLE, 600.947856253, 598.736855093, 387.361606124, 247.311443255
1333117676640790, -0.00746136065573, 0.0543130785227, 0.0458367913961, 0, 0, 0, 0, -6.01029209315, -1.48873112111, 0.229001787391, 1, PINHOLE, 600.947856253, 598.736855093, 387.361606124, 247.311443255
1333117676841789, 0.0613567903638, 0.11608786881, 0.0598415657878, 0, 0, 0, 0, -6.02966790052, -1.47137575315, 0.233319047154, 1, PINHOLE, 600.947856253, 598.736855093, 387.361606124, 247.311443255
1333117677042811, 0.0835269913077, 0.13317990303, 0.0693099275231, 0, 0, 0, 0, -6.08686639008, -1.42809711853, 0.229632721925, 1, PINHOLE, 600.947856253, 598.736855093, 387.361606124, 247.311443255
1333117677243817, 0.0611428059638, 0.115056209266, 0.0746456459165, 0, 0, 0, 0, -6.19121730191, -1.36086681071, 0.221413269733, 1, PINHOLE, 600.947856253, 598.736855093, 387.361606124, 247.311443255
1333117677444555, 0.0472557097673, 0.0840874835849, 0.078072451055, 0, 0, 0, 0, -6.33507295212, -1.28243001817, 0.212897110061, 1, PINHOLE, 600.947856253, 598.736855093, 387.361606124, 247.311443255
1333117677645298, 0.0402126871049, 0.0577741265297, 0.0760430470109, 0, 0, 0, 0, -6.5004057914, -1.18803294866, 0.205614115563, 1, PINHOLE, 600.947856253, 598.736855093, 387.361606124, 247.311443255
1333117677846825, -0.0810766071081, -0.122740752995, 0.0693816691637, 0, 0, 0, 0, -6.67455180185, -1.09622877886, 0.167392058061, 1, PINHOLE, 600.947856253, 598.736855093, 387.361606124, 247.311443255
1333117678047533, -0.138090014458, -0.26579901576, 0.0771840512753, 0, 0, 0, 0, -6.77706858081, -1.03534280845, 0.133833340398, 1, PINHOLE, 600.947856253, 598.736855093, 387.361606124, 247.311443255
1333117678248665, -0.141522482038, -0.306769520044, 0.0754546299577, 0, 0, 0, 0, -6.80299287188, -1.00509078738, 0.111356804067, 1, PINHOLE, 600.947856253, 598.736855093, 387.361606124, 247.311443255
1333117678449449, -0.134686231613, -0.200835466385, 0.0587381608784, 0, 0, 0, 0, -6.7518537625, -1.03323404258, 0.12542302156, 1, PINHOLE, 600.947856253, 598.736855093, 387.361606124, 247.311443255
1333117678650221, -0.0217486675829, -0.0650303289294, 0.0441131591797, 0, 0, 0, 0, -6.62987624297, -1.08539194516, 0.15938003833, 1, PINHOLE, 600.947856253, 598.736855093, 387.361606124, 247.311443255
1333117678851006, 0.106482110918, 0.06757966429, 0.0449938736856, 0, 0, 0, 0, -6.48235103836, -1.1538852049, 0.198509827604, 1, PINHOLE, 600.947856253, 598.736855093, 387.361606124, 247.311443255
1333117679051659, 0.160637259483, 0.123690016568, 0.0536284893751, 0, 0, 0, 0, -6.37267350339, -1.18942618401, 0.217600050067, 1, PINHOLE, 600.947856253, 598.736855093, 387.361606124, 247.311443255
1333117679252450, 0.0565442554653, 0.103462830186, 0.0462641119957, 0, 0, 0, 0, -6.32321070652, -1.16984917279, 0.218625192971, 1, PINHOLE, 600.947856253, 598.736855093, 387.361606124, 247.311443255
1333117679453041, -0.0439234040678, 0.0273612886667, 0.0304138734937, 0, 0, 0, 0, -6.32439527064, -1.13660655116, 0.21555711077, 1, PINHOLE, 600.947856253, 598.736855093, 387.361606124, 247.311443255
1333117679653831, -0.00434510968626, 0.00557312788442, 0.0193057898432, 0, 0, 0, 0, -6.33714169406, -1.12097293112, 0.219914920443, 1, PINHOLE, 600.947856253, 598.736855093, 387.361606124, 247.311443255
1333117679854942, 0.0420944839716, -0.0235635079443, 0.00788193289191, 0, 0, 0, 0, -6.35948737456, -1.10470025895, 0.223531432747, 1, PINHOLE, 600.947856253, 598.736855093, 387.361606124, 247.311443255
1333117680055833, 0.040336355567, -0.0581836253405, 0.000721094605979, 0, 0, 0, 0, -6.37962747573, -1.08039447153, 0.223072676565, 1, PINHOLE, 600.947856253, 598.736855093, 387.361606124, 247.311443255
1333117680256716, -0.00282917846926, -0.043102607131, -7.34160785214e-05, 0, 0, 0, 0, -6.38077936222, -1.04939260586, 0.228356548847, 1, PINHOLE, 600.947856253, 598.736855093, 387.361606124, 247.311443255
1333117680457732, -0.035985827446, -0.0121564269066, 0.0100858174264, 0, 0, 0, 0, -6.36083120093, -1.0203594479, 0.236108180692, 1, PINHOLE, 600.947856253, 598.736855093, 387.361606124, 247.311443255
1333117680658659, -0.0460931807756, -0.026986759156, 0.0247088577598, 0, 0, 0, 0, -6.36209083181, -1.01821721189, 0.23373283303, 1, PINHOLE, 600.947856253, 598.736855093, 387.361606124, 247.311443255
1333117680859608, -0.0515774227679, -0.0642255842686, 0.0327875614166, 0, 0, 0, 0, -6.34670544845, -1.02283300707, 0.224675512065, 1, PINHOLE, 600.947856253, 598.736855093, 387.361606124, 247.311443255
1333117681060559, -0.0718402341008, -0.0902663320303, 0.023676386103, 0, 0, 0, 0, -6.31824095697, -1.05844675666, 0.214369318636, 1, PINHOLE, 600.947856253, 598.736855093, 387.361606124, 247.311443255
1333117681261489, -0.0561268031597, -0.0636955052614, 0.00210338411853, 0, 0, 0, 0, -6.24457417317, -1.10841534605, 0.213369585256, 1, PINHOLE, 600.947856253, 598.736855093, 387.361606124, 247.311443255
1333117681462381, -0.0238793864846, -0.00985568575561, -0.0175109375268, 0, 0, 0, 0, -6.15410555157, -1.17436205577, 0.214013752467, 1, PINHOLE, 600.947856253, 598.736855093, 387.361606124, 247.311443255
1333117681663207, -0.0242670495063, -0.0271016750485, -0.0274686031044, 0, 0, 0, 0, -6.07950123052, -1.25665410479, 0.201614937617, 1, PINHOLE, 600.947856253, 598.736855093, 387.361606124, 247.311443255
1333117681864178, -0.0236010011286, -0.0429603792727, -0.0292013902217, 0, 0, 0, 0, -6.00551813469, -1.34969561171, 0.186736272964, 1, PINHOLE, 600.947856253, 598.736855093, 387.361606124, 247.311443255
1333117682065189, -0.00334169133566, -0.0442642867565, -0.0314074419439, 0, 0, 0, 0, -5.92159991353, -1.44848813, 0.17545120996, 1, PINHOLE, 600.947856253, 598.736855093, 387.361606124, 247.311443255
1333117682265877, 0.0133561100811, -0.0461741313338, -0.0325515791774, 0, 0, 0, 0, -5.8301911223, -1.54339689875, 0.168017623096, 1, PINHOLE, 600.947856253, 598.736855093, 387.361606124, 247.311443255
1333117682466735, 0.0200681779534, -0.00251097255386, -0.0288404673338, 0, 0, 0, 0, -5.7271940922, -1.63092992343, 0.169761556314, 1, PINHOLE, 600.947856253, 598.736855093, 387.361606124, 247.311443255
1333117682667673, 0.0225477237254, 0.0102448808029, -0.0278928522021, 0, 0, 0, 0, -5.64112857432, -1.70727417803, 0.169713973675, 1, PINHOLE, 600.947856253, 598.736855093, 387.361606124, 247.311443255
1333117682868896, 0.000449779705377, -0.0100627541542, -0.023069517687, 0, 0, 0, 0, -5.57939942128, -1.7727252097, 0.165351522188, 1, PINHOLE, 600.947856253, 598.736855093, 387.361606124, 247.311443255
1333117683069870, -0.0255315043032, -0.028475664556, -0.0168590210378, 0, 0, 0, 0, -5.53004098398, -1.83256648302, 0.161531978003, 1, PINHOLE, 600.947856253, 598.736855093, 387.361606124, 247.311443255
1333117683270728, -0.0429036691785, -0.0369765609503, -0.0102678118274, 0, 0, 0, 0, -5.4814207959, -1.8910680558, 0.157462673963, 1, PINHOLE, 600.947856253, 598.736855093, 387.361606124, 247.311443255
1333117683471575, -0.028791340068, -0.0490448586643, -0.00428428361192, 0, 0, 0, 0, -5.43922659633, -1.96204469675, 0.153729740426, 1, PINHOLE, 600.947856253, 598.736855093, 387.361606124, 247.311443255
1333117683672580, -0.00408563343808, -0.0912603065372, -0.00186151999515, 0, 0, 0, 0, -5.39808864163, -2.0250679986, 0.146175036103, 1, PINHOLE, 600.947856253, 598.736855093, 387.361606124, 247.311443255
1333117683877269, 0.00264678988606, -0.076459184289, 0.000656727817841, 0, 0, 0, 0, -5.3375340416, -2.09150869723, 0.14851939055, 1, PINHOLE, 600.947856253, 598.736855093, 387.361606124, 247.311443255
1333117684078283, 0.00205338280648, -0.0463791899383, -0.000423188292189, 0, 0, 0, 0, -5.26650490287, -2.14209910554, 0.157181410286, 1, PINHOLE, 600.947856253, 598.736855093, 387.361606124, 247.311443255
1333117684279299, -0.00828567426652, 0.0119846239686, 0.00320854317397, 0, 0, 0, 0, -5.19069870079, -2.18541652608, 0.171178560019, 1, PINHOLE, 600.947856253, 598.736855093, 387.361606124, 247.311443255
1333117684480341, -0.0198281724006, 0.031728092581, 0.00418678997084, 0, 0, 0, 0, -5.14047706826, -2.21647713507, 0.176650899515, 1, PINHOLE, 600.947856253, 598.736855093, 387.361606124, 247.311443255
1333117684681357, -0.0318940728903, 0.00582853611559, 0.00113591586705, 0, 0, 0, 0, -5.12108960474, -2.25032107972, 0.175016883901, 1, PINHOLE, 600.947856253, 598.736855093, 387.361606124, 247.311443255
1333117684882611, -0.055780749768, -0.0140866385773, -0.00835366360843, 0, 0, 0, 0, -5.11185039764, -2.28946999245, 0.168766258337, 1, PINHOLE, 600.947856253, 598.736855093, 387.361606124, 247.311443255
1333117685083532, -0.0538348667324, -0.0233602095395, -0.0178307816386, 0, 0, 0, 0, -5.11074647332, -2.33456761853, 0.159168932898, 1, PINHOLE, 600.947856253, 598.736855093, 387.361606124, 247.311443255
1333117685284163, -0.0624902136624, -0.084036692977, -0.0205494984984, 0, 0, 0, 0, -5.12347016842, -2.39466724024, 0.139447866931, 1, PINHOLE, 600.947856253, 598.736855093, 387.361606124, 247.311443255
1333117685484955, -0.0621228776872, -0.107147678733, -0.0205338820815, 0, 0, 0, 0, -5.11753422967, -2.47271792348, 0.125325400607, 1, PINHOLE, 600.947856253, 598.736855093, 387.361606124, 247.311443255
1333117685685815, -0.0449093356729, -0.0916927158833, -0.0214566271752, 0, 0, 0, 0, -5.08937054494, -2.55920003182, 0.115791584979, 1, PINHOLE, 600.947856253, 598.736855093, 387.361606124, 247.311443255
1333117685887253, -0.0346767827868, -0.069007024169, -0.0109183546156, 0, 0, 0, 0, -5.03713400783, -2.65993793372, 0.109859433058, 1, PINHOLE, 600.947856253, 598.736855093, 387.361606124, 247.311443255
1333117686088325, -0.0091430991888, -0.0503229163587, 0.00192483467981, 0, 0, 0, 0, -4.97915125143, -2.76558163248, 0.103955327555, 1, PINHOLE, 600.947856253, 598.736855093, 387.361606124, 247.311443255
1333117686289166, 0.0070657315664, -0.0338122360408, 0.0139942234382, 0, 0, 0, 0, -4.91915930206, -2.8618905974, 0.0986321442492, 1, PINHOLE, 600.947856253, 598.736855093, 387.361606124, 247.311443255
1333117686489865, 0.00279236608185, -0.063414812088, 0.0131363961846, 0, 0, 0, 0, -4.86934149214, -2.94840393833, 0.0860847743036, 1, PINHOLE, 600.947856253, 598.736855093, 387.361606124, 247.311443255
1333117686690411, -0.022143099457, -0.0817806199193, 0.00907015334815, 0, 0, 0, 0, -4.80922161679, -3.02129676084, 0.0753026116039, 1, PINHOLE, 600.947856253, 598.736855093, 387.361606124, 247.311443255
1333117686894658, -0.0259660258889, -0.0580937229097, 0.00963766127825, 0, 0, 0, 0, -4.72334558285, -3.10169636956, 0.0713371841973, 1, PINHOLE, 600.947856253, 598.736855093, 387.361606124, 247.311443255
1333117687096208, -0.0166393909603, -0.048008069396, -0.0008459497476, 0, 0, 0, 0, -4.6257572956, -3.15962601619, 0.065853575072, 1, PINHOLE, 600.947856253, 598.736855093, 387.361606124, 247.311443255
1333117687297174, -0.0160597003996, -0.074856698513, -0.00414918223396, 0, 0, 0, 0, -4.54053319674, -3.23722984412, 0.0554789434466, 1, PINHOLE, 600.947856253, 598.736855093, 387.361606124, 247.311443255
1333117687498076, -0.0155687090009, -0.103342659771, -0.00405283179134, 0, 0, 0, 0, -4.4345207493, -3.29294919864, 0.0470645167397, 1, PINHOLE, 600.947856253, 598.736855093, 387.361606124, 247.311443255
1333117687698727, -0.0189567618072, -0.0387530364096, 0.00599275110289, 0, 0, 0, 0, -4.31185144904, -3.36405696877, 0.0557768105054, 1, PINHOLE, 600.947856253, 598.736855093, 387.361606124, 247.311443255
1333117687899557, -0.0269950237125, 0.0160645861179, 0.0205774083734, 0, 0, 0, 0, -4.18605554732, -3.4091862394, 0.0664536476636, 1, PINHOLE, 600.947856253, 598.736855093, 387.361606124, 247.311443255
1333117688100415, -0.0247226413339, 0.0245672110468, 0.0332897789776, 0, 0, 0, 0, -4.09491695434, -3.45806760513, 0.0714090056141, 1, PINHOLE, 600.947856253, 598.736855093, 387.361606124, 247.311443255
1333117688301490, 0.0463369376957, 0.0708434209228, 0.0552727468312, 0, 0, 0, 0, -4.02185687758, -3.50963387362, 0.0904196242212, 1, PINHOLE, 600.947856253, 598.736855093, 387.361606124, 247.311443255
1333117688502222, 0.0981961265206, 0.100615799427, 0.0728262290359, 0, 0, 0, 0, -3.99124909343, -3.53191235253, 0.104494980455, 1, PINHOLE, 600.947856253, 598.736855093, 387.361606124, 247.311443255
1333117688703067, -0.0154235539958, -0.0166785009205, 0.0563607141376, 0, 0, 0, 0, -4.02752808043, -3.50337187482, 0.0834483179319, 1, PINHOLE, 600.947856253, 598.736855093, 387.361606124, 247.311443255
1333117688904241, -0.119741074741, -0.244017124176, 0.0387919917703, 0, 0, 0, 0, -4.05360491749, -3.46839611646, 0.0310521846628, 1, PINHOLE, 600.947856253, 598.736855093, 387.361606124, 247.311443255
1333117689105141, -0.127536803484, -0.218088433146, 0.0258933249861, 0, 0, 0, 0, -4.00634322901, -3.47776279515, 0.0214416403412, 1, PINHOLE, 600.947856253, 598.736855093, 387.361606124, 247.311443255
1333117689306124, -0.0454015694559, 0.0449085123837, 0.0286724511534, 0, 0, 0, 0, -3.90590809169, -3.50275950542, 0.0669246489006, 1, PINHOLE, 600.947856253, 598.736855093, 387.361606124, 247.311443255
1333117689507262, 0.0732103958726, 0.101185470819, 0.0602464005351, 0, 0, 0, 0, -3.83140394518, -3.56457693425, 0.0753039231611, 1, PINHOLE, 600.947856253, 598.736855093, 387.361606124, 247.311443255
1333117689708212, 0.073535874486, -0.01651834324, 0.0751974880695, 0, 0, 0, 0, -3.8362563297, -3.56019083464, 0.0650052441132, 1, PINHOLE, 600.947856253, 598.736855093, 387.361606124, 247.311443255
1333117689909386, 0.0223213881254, -0.0201345197856, 0.092676833272, 0, 0, 0, 0, -3.83459827509, -3.55074719541, 0.0624546165879, 1, PINHOLE, 600.947856253, 598.736855093, 387.361606124, 247.311443255
1333117690110152, 0.00431713089347, 0.0287365503609, 0.104094967246, 0, 0, 0, 0, -3.8334242664, -3.5175286659, 0.0690042538142, 1, PINHOLE, 600.947856253, 598.736855093, 387.361606124, 247.311443255
1333117690311076, 0.0142817664891, 0.0531323216856, 0.109520532191, 0, 0, 0, 0, -3.85453178558, -3.48444694394, 0.069681545085, 1, PINHOLE, 600.947856253, 598.736855093, 387.361606124, 247.311443255
1333117690512097, 0.027233639732, 0.0402051322162, 0.101099349558, 0, 0, 0, 0, -3.90399613845, -3.43424564552, 0.0661145429345, 1, PINHOLE, 600.947856253, 598.736855093, 387.361606124, 247.311443255
1333117690713120, 0.00625965418294, -0.00863558612764, 0.0812394395471, 0, 0, 0, 0, -3.97977365764, -3.3848653306, 0.0525085016413, 1, PINHOLE, 600.947856253, 598.736855093, 387.361606124, 247.311443255
1333117690917898, -0.0131094530225, -0.0334680937231, 0.0642373487353, 0, 0, 0, 0, -4.05783027893, -3.32605931006, 0.0414848807506, 1, PINHOLE, 600.947856253, 598.736855093, 387.361606124, 247.311443255
1333117691119014, -0.0168407168239, -0.0355711057782, 0.0593077763915, 0, 0, 0, 0, -4.12510730142, -3.26757360569, 0.0360317484549, 1, PINHOLE, 600.947856253, 598.736855093, 387.361606124, 247.311443255
1333117691319811, -0.00731554953381, -0.0393114797771, 0.0605406537652, 0, 0, 0, 0, -4.18202605188, -3.21267695769, 0.0317341531945, 1, PINHOLE, 600.947856253, 598.736855093, 387.361606124, 247.311443255
1333117691520753, -0.0120022688061, -0.0614275112748, 0.057502027601, 0, 0, 0, 0, -4.23216544335, -3.15208934754, 0.0240597798693, 1, PINHOLE, 600.947856253, 598.736855093, 387.361606124, 247.311443255
1333117691721694, -0.023548360914, -0.0618168674409, 0.0551171451807, 0, 0, 0, 0, -4.26189451169, -3.09033218809, 0.0199830107483, 1, PINHOLE, 600.947856253, 598.736855093, 387.361606124, 247.311443255
1333117691923193, -0.0504441484809, -0.0840700417757, 0.0481937639415, 0, 0, 0, 0, -4.28447522545, -3.03744090644, 0.0113818266425, 1, PINHOLE, 600.947856253, 598.736855093, 387.361606124, 247.311443255
1333117692124862, -0.0560852475464, -0.100689731538, 0.0544104874134, 0, 0, 0, 0, -4.27860508875, -2.99472875531, 0.00444340711861, 1, PINHOLE, 600.947856253, 598.736855093, 387.361606124, 247.311443255
1333117692325820, -0.05533586815, -0.0830298885703, 0.0674179196358, 0, 0, 0, 0, -4.2430814964, -2.96973800941, 0.007308896524, 1, PINHOLE, 600.947856253, 598.736855093, 387.361606124, 247.311443255
1333117692526896, -0.0481568723917, -0.0464380532503, 0.0665359050035, 0, 0, 0, 0, -4.18890755213, -2.95627507326, 0.0150870351334, 1, PINHOLE, 600.947856253, 598.736855093, 387.361606124, 247.311443255
1333117692728044, -0.0577164627612, -0.0344094634056, 0.0676626041532, 0, 0, 0, 0, -4.13052816573, -2.94413182053, 0.0198753870518, 1, PINHOLE, 600.947856253, 598.736855093, 387.361606124, 247.311443255
1333117692929798, -0.0726092085242, -0.0516390837729, 0.0627986937761, 0, 0, 0, 0, -4.07582000261, -2.93898044295, 0.0182709384854, 1, PINHOLE, 600.947856253, 598.736855093, 387.361606124, 247.311443255
1333117693130769, -0.0470404736698, -0.0536082312465, 0.0528562255204, 0, 0, 0, 0, -4.00554085631, -2.96257873053, 0.0196672397353, 1, PINHOLE, 600.947856253, 598.736855093, 387.361606124, 247.311443255
1333117693331644, -0.0186571553349, -0.0751023665071, 0.0399171374738, 0, 0, 0, 0, -3.93385199726, -2.98140015198, 0.0206423746053, 1, PINHOLE, 600.947856253, 598.736855093, 387.361606124, 247.311443255
1333117693532423, -0.0224550012499, -0.0832857489586, 0.0425209924579, 0, 0, 0, 0, -3.85325856333, -2.99843595041, 0.0208947214272, 1, PINHOLE, 600.947856253, 598.736855093, 387.361606124, 247.311443255
1333117693733587, -0.0349197499454, -0.0713017806411, 0.0476919822395, 0, 0, 0, 0, -3.75378863322, -3.01552826332, 0.0229002333382, 1, PINHOLE, 600.947856253, 598.736855093, 387.361606124, 247.311443255
1333117693934556, -0.0350961908698, -0.0349577628076, 0.0573632977903, 0, 0, 0, 0, -3.64685341492, -3.04019882027, 0.0322183867979, 1, PINHOLE, 600.947856253, 598.736855093, 387.361606124, 247.311443255
1333117694135296, -0.0365523137152, -0.0509119182825, 0.0650513768196, 0, 0, 0, 0, -3.55727458081, -3.06172060945, 0.0319233897787, 1, PINHOLE, 600.947856253, 598.736855093, 387.361606124, 247.311443255
1333117694336192, -0.0349490530789, -0.104367509484, 0.0653979405761, 0, 0, 0, 0, -3.47415253153, -3.08257614131, 0.0235471802785, 1, PINHOLE, 600.947856253, 598.736855093, 387.361606124, 247.311443255
1333117694537219, -0.0187753681093, -0.106786228716, 0.0612982288003, 0, 0, 0, 0, -3.36838655024, -3.11557497659, 0.0251144828578, 1, PINHOLE, 600.947856253, 598.736855093, 387.361606124, 247.311443255
1333117694738101, -0.0107603501529, -0.081899151206, 0.0586822032928, 0, 0, 0, 0, -3.24198128451, -3.14406854512, 0.0329169700767, 1, PINHOLE, 600.947856253, 598.736855093, 387.361606124, 247.311443255
1333117694938128, 0.00865614414215, -0.0350158698857, 0.0615417547524, 0, 0, 0, 0, -3.11029882148, -3.16284605077, 0.0464236812962, 1, PINHOLE, 600.947856253, 598.736855093, 387.361606124, 247.311443255
1333117695139779, 0.00792024098337, 0.0280051827431, 0.0626898929477, 0, 0, 0, 0, -2.99016345902, -3.17048867782, 0.062874194824, 1, PINHOLE, 600.947856253, 598.736855093, 387.361606124, 247.311443255
1333117695340762, -0.0249494165182, 0.0296625383198, 0.0620118677616, 0, 0, 0, 0, -2.90457888057, -3.16739520017, 0.0648179502356, 1, PINHOLE, 600.947856253, 598.736855093, 387.361606124, 247.311443255
1333117695541647, -0.0458685643971, 0.00874884147197, 0.0659880042076, 0, 0, 0, 0, -2.85397881851, -3.16522140401, 0.0605789216675, 1, PINHOLE, 600.947856253, 598.736855093, 387.361606124, 247.311443255
1333117695742345, -0.0398036837578, 0.0345265492797, 0.0707496628165, 0, 0, 0, 0, -2.81443439516, -3.16741680614, 0.0573166268836, 1, PINHOLE, 600.947856253, 598.736855093, 387.361606124, 247.311443255
1333117695943188, -0.0142983477563, 0.0515646375716, 0.0699143409729, 0, 0, 0, 0, -2.80131103327, -3.17473814818, 0.0552063108179, 1, PINHOLE, 600.947856253, 598.736855093, 387.361606124, 247.311443255
1333117696143924, -0.00941834133118, 0.0422417856753, 0.0686717107892, 0, 0, 0, 0, -2.81864827214, -3.17506675874, 0.0484179233926, 1, PINHOLE, 600.947856253, 598.736855093, 387.361606124, 247.311443255
1333117696344715, -0.0175879579037, 0.0338405221701, 0.0655853152275, 0, 0, 0, 0, -2.86093882398, -3.16860484599, 0.0429531380917, 1, PINHOLE, 600.947856253, 598.736855093, 387.361606124, 247.311443255
1333117696545538, -0.0429715551436, 0.0161320157349, 0.0584359653294, 0, 0, 0, 0, -2.92033699961, -3.15708474019, 0.0358130093762, 1, PINHOLE, 600.947856253, 598.736855093, 387.361606124, 247.311443255
1333117696746527, -0.0584274940193, -0.036469977349, 0.0493829287589, 0, 0, 0, 0, -2.99224837475, -3.14729911658, 0.0203402579259, 1, PINHOLE, 600.947856253, 598.736855093, 387.361606124, 247.311443255
1333117696947365, -0.0477850101888, -0.0829019248486, 0.0481137186289, 0, 0, 0, 0, -3.04955300444, -3.14645037005, 0.00569084317241, 1, PINHOLE, 600.947856253, 598.736855093, 387.361606124, 247.311443255
1333117697148234, -0.0481335185468, -0.112552680075, 0.0466443449259, 0, 0, 0, 0, -3.08215684943, -3.14517995895, -0.00278433872168, 1, PINHOLE, 600.947856253, 598.736855093, 387.361606124, 247.311443255
1333117697349416, -0.0491637960076, -0.113309375942, 0.0463644750416, 0, 0, 0, 0, -3.08487485224, -3.14841163022, -0.00241315587804, 1, PINHOLE, 600.947856253, 598.736855093, 387.361606124, 247.311443255
1333117697550261, -0.0533765554428, -0.0853857696056, 0.0433837212622, 0, 0, 0, 0, -3.04159581265, -3.16663185096, 0.00299466000614, 1, PINHOLE, 600.947856253, 598.736855093, 387.361606124, 247.311443255
1333117697751086, -0.0625619441271, -0.0879412069917, 0.0339043959975, 0, 0, 0, 0, -2.98549119334, -3.18141652573, 0.00666725576997, 1, PINHOLE, 600.947856253, 598.736855093, 387.361606124, 247.311443255
1333117697952072, -0.0602013878524, -0.124206095934, 0.0250648837537, 0, 0, 0, 0, -2.91388782655, -3.20560901689, 0.00206389373861, 1, PINHOLE, 600.947856253, 598.736855093, 387.361606124, 247.311443255
1333117698153063, -0.0502754338086, -0.119948171079, 0.0240571666509, 0, 0, 0, 0, -2.81129615425, -3.24317559977, 0.00606120003019, 1, PINHOLE, 600.947856253, 598.736855093, 387.361606124, 247.311443255
1333117698353826, -0.020385729149, -0.0443389564753, 0.020157776773, 0, 0, 0, 0, -2.68115948788, -3.28083734883, 0.0295325541444, 1, PINHOLE, 600.947856253, 598.736855093, 387.361606124, 247.311443255
1333117698554642, 0.0200346969068, 0.0447008050978, 0.0217519868165, 0, 0, 0, 0, -2.5377544214, -3.31334257597, 0.0490441160892, 1, PINHOLE, 600.947856253, 598.736855093, 387.361606124, 247.311443255
1333117698755341, 0.034109570086, 0.095041193068, 0.024813150987, 0, 0, 0, 0, -2.43803166835, -3.31862650278, 0.0633721207827, 1, PINHOLE, 600.947856253, 598.736855093, 387.361606124, 247.311443255
1333117698955376, 0.0105454912409, 0.0582526549697, 0.0259014610201, 0, 0, 0, 0, -2.37873999595, -3.31095087194, 0.0557589493609, 1, PINHOLE, 600.947856253, 598.736855093, 387.361606124, 247.311443255
1333117699156303, -0.00316765764728, -0.00842463318259, 0.0216000508517, 0, 0, 0, 0, -2.35382970106, -3.28348480314, 0.0511076078406, 1, PINHOLE, 600.947856253, 598.736855093, 387.361606124, 247.311443255
1333117699357401, -0.00598704628646, -0.0643088817596, 0.016664667055, 0, 0, 0, 0, -2.32234587626, -3.25090569709, 0.0404167498899, 1, PINHOLE, 600.947856253, 598.736855093, 387.361606124, 247.311443255
1333117699558721, -0.00113460549619, -0.0882856175303, 0.00687650078908, 0, 0, 0, 0, -2.28614963062, -3.20313556088, 0.0344936935888, 1, PINHOLE, 600.947856253, 598.736855093, 387.361606124, 247.311443255
1333117699759467, -0.0146555574611, -0.0882930681109, -6.08994450886e-05, 0, 0, 0, 0, -2.22605553748, -3.1470546216, 0.0345220057002, 1, PINHOLE, 600.947856253, 598.736855093, 387.361606124, 247.311443255
1333117699960286, -0.0404436066747, -0.0650185644627, 0.0116762313992, 0, 0, 0, 0, -2.1435444583, -3.08518360933, 0.0366027059557, 1, PINHOLE, 600.947856253, 598.736855093, 387.361606124, 247.311443255
1333117700161414, -0.020313212648, -0.0306881200522, 0.0342635698617, 0, 0, 0, 0, -2.04337619603, -3.02981219739, 0.0386572937336, 1, PINHOLE, 600.947856253, 598.736855093, 387.361606124, 247.311443255
1333117700362277, -0.00823846179992, 0.00863338727504, 0.0516429692507, 0, 0, 0, 0, -1.95467606422, -2.9776625199, 0.0445273514087, 1, PINHOLE, 600.947856253, 598.736855093, 387.361606124, 247.311443255
1333117700563887, -0.0179901812226, 0.0447544977069, 0.0670351311564, 0, 0, 0, 0, -1.87167734202, -2.91586176601, 0.0461227473015, 1, PINHOLE, 600.947856253, 598.736855093, 387.361606124, 247.311443255
1333117700965505, -0.00348796509206, 0.0186243411154, 0.0992653667927, 0, 0, 0, 0, -1.78481701323, -2.80146046936, 0.0271147689356, 1, PINHOLE, 600.947856253, 598.736855093, 387.361606124, 247.311443255
1333117701166631, 0.0421125032008, -0.0445336848497, 0.119703434408, 0, 0, 0, 0, -1.75676878763, -2.7411199604, 0.00648376120455, 1, PINHOLE, 600.947856253, 598.736855093, 387.361606124, 247.311443255
1333117701367495, 0.0321318730712, -0.151116862893, 0.119503490627, 0, 0, 0, 0, -1.73610738186, -2.66580457575, -0.0209423528612, 1, PINHOLE, 600.947856253, 598.736855093, 387.361606124, 247.311443255
1333117701568465, -0.0459470450878, -0.152316689491, 0.114796511829, 0, 0, 0, 0, -1.67369326189, -2.57455713268, -0.025687635134, 1, PINHOLE, 600.947856253, 598.736855093, 387.361606124, 247.311443255
1333117701769179, -0.0623108260334, -0.0761996433139, 0.110790669918, 0, 0, 0, 0, -1.58391004739, -2.48201969199, -0.00744387074887, 1, PINHOLE, 600.947856253, 598.736855093, 387.361606124, 247.311443255
1333117701969919, -0.0548827089369, -0.0482195951045, 0.118211105466, 0, 0, 0, 0, -1.4752727619, -2.40502535346, 0.00207021910725, 1, PINHOLE, 600.947856253, 598.736855093, 387.361606124, 247.311443255
1333117702170522, -0.0591661669314, -0.0490177124739, 0.129971578717, 0, 0, 0, 0, -1.36482044113, -2.34179771733, 0.00509412163087, 1, PINHOLE, 600.947856253, 598.736855093, 387.361606124, 247.311443255
1333117702371280, -0.0563497841358, -0.032296884805, 0.1322812289, 0, 0, 0, 0, -1.25425439405, -2.28869714806, 0.00963977795374, 1, PINHOLE, 600.947856253, 598.736855093, 387.361606124, 247.311443255
1333117702572436, -0.0321042276919, -0.0348390601575, 0.124309048057, 0, 0, 0, 0, -1.15034147564, -2.25189601772, 0.0115753450511, 1, PINHOLE, 600.947856253, 598.736855093, 387.361606124, 247.311443255
1333117702773621, -0.0391916930676, -0.0270668305457, 0.115419618785, 0, 0, 0, 0, -1.04808903469, -2.2193114273, 0.0108428090941, 1, PINHOLE, 600.947856253, 598.736855093, 387.361606124, 247.311443255
1333117702974473, -0.0533434525132, -0.00886386632919, 0.109442435205, 0, 0, 0, 0, -0.946575506755, -2.19009052829, 0.00464472212741, 1, PINHOLE, 600.947856253, 598.736855093, 387.361606124, 247.311443255
1333117703175368, -0.0480974316597, -0.0327221080661, 0.0985132008791, 0, 0, 0, 0, -0.870008287088, -2.17248611876, -0.00315989034303, 1, PINHOLE, 600.947856253, 598.736855093, 387.361606124, 247.311443255
1333117703376174, -0.0408259555697, -0.0850738510489, 0.0909231975675, 0, 0, 0, 0, -0.814775820118, -2.16000884762, -0.014514537309, 1, PINHOLE, 600.947856253, 598.736855093, 387.361606124, 247.311443255
1333117703577154, -0.0319620296359, -0.103471651673, 0.0847203955054, 0, 0, 0, 0, -0.743565126848, -2.14810588747, -0.0220131998396, 1, PINHOLE, 600.947856253, 598.736855093, 387.361606124, 247.311443255
1333117703778032, -0.0284732896835, -0.0835908949375, 0.0793556198478, 0, 0, 0, 0, -0.648217614983, -2.13078979738, -0.0204614418398, 1, PINHOLE, 600.947856253, 598.736855093, 387.361606124, 247.311443255
1333117703979511, -0.02883589454, -0.0596327930689, 0.0771367400885, 0, 0, 0, 0, -0.552468830207, -2.11514492146, -0.0156655833282, 1, PINHOLE, 600.947856253, 598.736855093, 387.361606124, 247.311443255
1333117704180106, -0.0303148776293, -0.0586200095713, 0.0766523256898, 0, 0, 0, 0, -0.466102788178, -2.09682323851, -0.0160641810985, 1, PINHOLE, 600.947856253, 598.736855093, 387.361606124, 247.311443255
1333117704380799, -0.0380899123847, -0.0659310817719, 0.0730010792613, 0, 0, 0, 0, -0.362931784307, -2.07112566459, -0.019140116676, 1, PINHOLE, 600.947856253, 598.736855093, 387.361606124, 247.311443255
1333117704581699, -0.0128388348967, -0.0479911528528, 0.0705827921629, 0, 0, 0, 0, -0.353221805154, -2.05574265937, 0.0037445450561, 1, PINHOLE, 600.947856253, 598.736855093, 387.361606124, 247.311443255
1333117704782863, -0.00704187201336, -0.0246425215155, 0.0704335272312, 0, 0, 0, 0, -0.24873286504, -2.02726345474, 0.00774112270125, 1, PINHOLE, 600.947856253, 598.736855093, 387.361606124, 247.311443255
1333117704984620, -0.0392079800367, 0.00555644463748, 0.0702686309814, 0, 0, 0, 0, -0.19381302458, -1.98555894475, 0.0194946186299, 1, PINHOLE, 600.947856253, 598.736855093, 387.361606124, 247.311443255
1333117705185737, -0.0765056908131, 0.0105228172615, 0.0662647783756, 0, 0, 0, 0, -0.172730591296, -1.94749553131, 0.0269302056988, 1, PINHOLE, 600.947856253, 598.736855093, 387.361606124, 247.311443255
1333117705386539, -0.0796711817384, -0.0382187440991, 0.0698773562908, 0, 0, 0, 0, -0.171262218968, -1.92398020069, 0.0212000268506, 1, PINHOLE, 600.947856253, 598.736855093, 387.361606124, 247.311443255
1333117705587445, -0.0713700056076, -0.112888760865, 0.0699696317315, 0, 0, 0, 0, -0.186349613635, -1.91261201488, 0.00932056209026, 1, PINHOLE, 600.947856253, 598.736855093, 387.361606124, 247.311443255
1333117705788387, -0.0631544739008, -0.131410479546, 0.0617594979703, 0, 0, 0, 0, -0.168870790565, -1.91064948069, 0.00406094605624, 1, PINHOLE, 600.947856253, 598.736855093, 387.361606124, 247.311443255
1333117705989374, -0.048422049731, -0.0830264911056, 0.0623180307448, 0, 0, 0, 0, -0.126389820653, -1.90642035906, 0.0165330165996, 1, PINHOLE, 600.947856253, 598.736855093, 387.361606124, 247.311443255
1333117706190185, -0.0268932580948, -0.0498940423131, 0.0670522600412, 0, 0, 0, 0, -0.0693652835054, -1.91583792915, 0.0262973716041, 1, PINHOLE, 600.947856253, 598.736855093, 387.361606124, 247.311443255
1333117706390874, -0.00634265737608, -0.0425818189979, 0.0673373267055, 0, 0, 0, 0, -0.0208963790715, -1.91001385642, 0.0310773576036, 1, PINHOLE, 600.947856253, 598.736855093, 387.361606124, 247.311443255
1333117706591700, -0.0333468616009, -0.0530379675329, 0.0659013390541, 0, 0, 0, 0, 0.00420220933151, -1.90150684052, 0.0347076063026, 1, PINHOLE, 600.947856253, 598.736855093, 387.361606124, 247.311443255
1333117706792728, -0.0254816953093, 0.00648999819532, 0.0726587921381, 0, 0, 0, 0, 0.039709465087, -1.87079817554, 0.053309902191, 1, PINHOLE, 600.947856253, 598.736855093, 387.361606124, 247.311443255
1333117706993594, -0.0202677100897, 0.034172270447, 0.074835434556, 0, 0, 0, 0, 0.0446969566453, -1.87704360343, 0.0580525216051, 1, PINHOLE, 600.947856253, 598.736855093, 387.361606124, 247.311443255
1333117707194261, -0.0143556566909, 0.0124298529699, 0.0719276815653, 0, 0, 0, 0, 0.0230726214459, -1.8578252566, 0.0511478081789, 1, PINHOLE, 600.947856253, 598.736855093, 387.361606124, 247.311443255
1333117707395064, -0.0183789879084, -0.0448462367058, 0.0663380771875, 0, 0, 0, 0, -0.0288202986687, -1.84494605115, 0.0354570986919, 1, PINHOLE, 600.947856253, 598.736855093, 387.361606124, 247.311443255
1333117707595856, -0.00655851513147, -0.0636356547475, 0.06720841676, 0, 0, 0, 0, -0.0805100179118, -1.85794221704, 0.0281596546375, 1, PINHOLE, 600.947856253, 598.736855093, 387.361606124, 247.311443255
1333117707797170, 0.00292229535989, -0.0555954948068, 0.0685849487782, 0, 0, 0, 0, -0.123091683837, -1.81245949463, 0.0274354636724, 1, PINHOLE, 600.947856253, 598.736855093, 387.361606124, 247.311443255
1333117707997954, -0.0202709510922, -0.0384566783905, 0.0702736601233, 0, 0, 0, 0, -0.164311715361, -1.77599251022, 0.0255108379499, 1, PINHOLE, 600.947856253, 598.736855093, 387.361606124, 247.311443255
1333117708198800, -0.0429968424141, -0.0567025132477, 0.0836440101266, 0, 0, 0, 0, -0.214736846111, -1.74068888733, 0.015835580273, 1, PINHOLE, 600.947856253, 598.736855093, 387.361606124, 247.311443255
1333117708399592, -0.0359115563333, -0.039493560791, 0.0908327177167, 0, 0, 0, 0, -0.250766124339, -1.71604304316, 0.0086394027243, 1, PINHOLE, 600.947856253, 598.736855093, 387.361606124, 247.311443255
1333117708600569, -0.0395306684077, -0.0017526303418, 0.0876359716058, 0, 0, 0, 0, -0.302040618012, -1.69099182562, 0.0102908295842, 1, PINHOLE, 600.947856253, 598.736855093, 387.361606124, 247.311443255
1333117708801818, -0.072034470737, -0.0265890620649, 0.0718156993389, 0, 0, 0, 0, -0.3716090106, -1.65094814091, -0.00181226267023, 1, PINHOLE, 600.947856253, 598.736855093, 387.361606124, 247.311443255
1333117709002849, -0.0625492408872, -0.0583849698305, 0.067313298583, 0, 0, 0, 0, -0.450881300984, -1.64028680332, -0.0118068574757, 1, PINHOLE, 600.947856253, 598.736855093, 387.361606124, 247.311443255
1333117709203946, -0.0222501046956, -0.0789720788598, 0.0663037076592, 0, 0, 0, 0, -0.525291503291, -1.63177710559, -0.0242014952156, 1, PINHOLE, 600.947856253, 598.736855093, 387.361606124, 247.311443255
1333117709404599, -0.0122032603249, -0.0733063071966, 0.0612791292369, 0, 0, 0, 0, -0.59696035897, -1.62823943754, -0.0371275205403, 1, PINHOLE, 600.947856253, 598.736855093, 387.361606124, 247.311443255
1333117709605419, -0.0317396856844, -0.104433037341, 0.0680428892374, 0, 0, 0, 0, -0.66993417242, -1.62881155965, -0.0728733524708, 1, PINHOLE, 600.947856253, 598.736855093, 387.361606124, 247.311443255
1333117709806436, -0.0551885515451, -0.153308033943, 0.067098647356, 0, 0, 0, 0, -0.72054981593, -1.62973922069, -0.123701549567, 1, PINHOLE, 600.947856253, 598.736855093, 387.361606124, 247.311443255
1333117710007422, -0.0543421842158, -0.159832313657, 0.049147028476, 0, 0, 0, 0, -0.748699213111, -1.62862812914, -0.177470264965, 1, PINHOLE, 600.947856253, 598.736855093, 387.361606124, 247.311443255
1333117710208351, -0.0489146225154, -0.136902600527, 0.0275004170835, 0, 0, 0, 0, -0.745660344879, -1.63995590202, -0.228948972351, 1, PINHOLE, 600.947856253, 598.736855093, 387.361606124, 247.311443255
1333117710409070, -0.0335861183703, -0.127947717905, 0.0239574201405, 0, 0, 0, 0, -0.73205302075, -1.6472974669, -0.284728297174, 1, PINHOLE, 600.947856253, 598.736855093, 387.361606124, 247.311443255
1333117710610179, -0.0261336062104, -0.146219044924, 0.0286480542272, 0, 0, 0, 0, -0.705954536662, -1.67416472066, -0.346632625701, 1, PINHOLE, 600.947856253, 598.736855093, 387.361606124, 247.311443255
1333117710811267, -0.0111318677664, -0.150170356035, 0.034739818424, 0, 0, 0, 0, -0.662459108035, -1.70134288282, -0.411428295317, 1, PINHOLE, 600.947856253, 598.736855093, 387.361606124, 247.311443255
1333117711012299, -0.00575955677778, -0.11123624444, 0.0440039671957, 0, 0, 0, 0, -0.610105509422, -1.71260591933, -0.471138757648, 1, PINHOLE, 600.947856253, 598.736855093, 387.361606124, 247.311443255
1333117711213431, -0.0221845526248, -0.106253378093, 0.0447199903429, 0, 0, 0, 0, -0.544258994769, -1.72325461116, -0.535776091254, 1, PINHOLE, 600.947856253, 598.736855093, 387.361606124, 247.311443255
1333117711414143, -0.0431966409087, -0.109409101307, 0.0334840603173, 0, 0, 0, 0, -0.464258958798, -1.72515028533, -0.608751353217, 1, PINHOLE, 600.947856253, 598.736855093, 387.361606124, 247.311443255
1333117711614931, -0.0596670731902, -0.0711932703853, 0.0239759869874, 0, 0, 0, 0, -0.369068878258, -1.73929640993, -0.67268696433, 1, PINHOLE, 600.947856253, 598.736855093, 387.361606124, 247.311443255
1333117711818987, -0.0775915905833, -0.0789958685637, 0.0225407481194, 0, 0, 0, 0, -0.286576318329, -1.74582877402, -0.74908685119, 1, PINHOLE, 600.947856253, 598.736855093, 387.361606124, 247.311443255
1333117712020741, -0.0701843798161, -0.122553907335, 0.0316221155226, 0, 0, 0, 0, -0.21782321693, -1.76821778764, -0.833138577736, 1, PINHOLE, 600.947856253, 598.736855093, 387.361606124, 247.311443255
1333117712221791, -0.0515138544142, -0.111673988402, 0.0336831249297, 0, 0, 0, 0, -0.122499742242, -1.78926376121, -0.909512175814, 1, PINHOLE, 600.947856253, 598.736855093, 387.361606124, 247.311443255
1333117712422748, -0.0359088517725, -0.0446133539081, 0.0338766053319, 0, 0, 0, 0, -0.00287013096467, -1.81289244043, -0.973094180476, 1, PINHOLE, 600.947856253, 598.736855093, 387.361606124, 247.311443255
1333117712623607, -0.0274594370276, 0.00650348421186, 0.0396313853562, 0, 0, 0, 0, 0.094334108175, -1.82343144374, -1.03717704485, 1, PINHOLE, 600.947856253, 598.736855093, 387.361606124, 247.311443255
1333117712824473, -0.0360749773681, -0.0311526544392, 0.0464761592448, 0, 0, 0, 0, 0.149325496448, -1.8379372785, -1.10785069434, 1, PINHOLE, 600.947856253, 598.736855093, 387.361606124, 247.311443255
1333117713226442, 0.000302872416796, -0.0414821468294, 0.0612368360162, 0, 0, 0, 0, 0.23674957748, -1.86477209325, -1.21261407496, 1, PINHOLE, 600.947856253, 598.736855093, 387.361606124, 247.311443255
1333117713427395, -0.0289589297026, -0.00174500187859, 0.0725040957332, 0, 0, 0, 0, 0.278288607197, -1.85952289459, -1.24634853159, 1, PINHOLE, 600.947856253, 598.736855093, 387.361606124, 247.311443255
1333117713628450, -0.0363289639354, -0.0309984143823, 0.0756454020739, 0, 0, 0, 0, 0.278005974414, -1.85453918817, -1.27841308419, 1, PINHOLE, 600.947856253, 598.736855093, 387.361606124, 247.311443255
1333117713829627, -0.033124960959, -0.0348436161876, 0.0764865204692, 0, 0, 0, 0, 0.266328075521, -1.84691761245, -1.30026390471, 1, PINHOLE, 600.947856253, 598.736855093, 387.361606124, 247.311443255
1333117714030756, -0.0591145679355, -0.0646368488669, 0.0735252723098, 0, 0, 0, 0, 0.238227286839, -1.8382693681, -1.32435031319, 1, PINHOLE, 600.947856253, 598.736855093, 387.361606124, 247.311443255
1333117714231701, -0.0822029262781, -0.103596739471, 0.0667785555124, 0, 0, 0, 0, 0.205749093043, -1.84269613669, -1.34612922819, 1, PINHOLE, 600.947856253, 598.736855093, 387.361606124, 247.311443255
1333117714432754, -0.0500768981874, -0.105374611914, 0.0550764463842, 0, 0, 0, 0, 0.186421864391, -1.85879138999, -1.35540399961, 1, PINHOLE, 600.947856253, 598.736855093, 387.361606124, 247.311443255
1333117714633650, -0.034395724535, -0.119129240513, 0.0431705005467, 0, 0, 0, 0, 0.176122888016, -1.87628128749, -1.36543905246, 1, PINHOLE, 600.947856253, 598.736855093, 387.361606124, 247.311443255
1333117714834854, -0.0363336950541, -0.137790158391, 0.0335580445826, 0, 0, 0, 0, 0.179977149881, -1.88863872384, -1.37459032616, 1, PINHOLE, 600.947856253, 598.736855093, 387.361606124, 247.311443255
1333117715035710, -0.0358759574592, -0.164311870933, 0.0345612131059, 0, 0, 0, 0, 0.216538407859, -1.89728442434, -1.38881945618, 1, PINHOLE, 600.947856253, 598.736855093, 387.361606124, 247.311443255
1333117715236708, -0.0386411286891, -0.170082554221, 0.0353151001036, 0, 0, 0, 0, 0.256894492511, -1.91236261868, -1.39225432768, 1, PINHOLE, 600.947856253, 598.736855093, 387.361606124, 247.311443255
1333117715437728, -0.0556743405759, -0.120565146208, 0.0406335219741, 0, 0, 0, 0, 0.335827306242, -1.92849924849, -1.38195524352, 1, PINHOLE, 600.947856253, 598.736855093, 387.361606124, 247.311443255
1333117715638726, -0.0720893293619, -0.0679159462452, 0.0526310019195, 0, 0, 0, 0, 0.414899836072, -1.93672868072, -1.3690721421, 1, PINHOLE, 600.947856253, 598.736855093, 387.361606124, 247.311443255
1333117715842529, -0.0684686228633, -0.0586122833192, 0.0796310156584, 0, 0, 0, 0, 0.495623135182, -1.96096990839, -1.35888155783, 1, PINHOLE, 600.947856253, 598.736855093, 387.361606124, 247.311443255
1333117716044481, -0.025326019153, -0.0208395756781, 0.0974295884371, 0, 0, 0, 0, 0.58871945799, -2.00880187386, -1.34872719651, 1, PINHOLE, 600.947856253, 598.736855093, 387.361606124, 247.311443255
1333117716246034, 0.0180200263858, 0.0463154576719, 0.107794418931, 0, 0, 0, 0, 0.646050546052, -2.00217760344, -1.3331969304, 1, PINHOLE, 600.947856253, 598.736855093, 387.361606124, 247.311443255
1333117716447054, 0.00799085013568, 0.0485463440418, 0.107545644045, 0, 0, 0, 0, 0.645743633695, -2.00255255927, -1.33232907016, 1, PINHOLE, 600.947856253, 598.736855093, 387.361606124, 247.311443255
1333117716647877, 0.00233980198391, 0.033556830138, 0.099696174264, 0, 0, 0, 0, 0.633821164025, -2.00991881003, -1.34386503794, 1, PINHOLE, 600.947856253, 598.736855093, 387.361606124, 247.311443255
1333117716848727, -0.0237503238022, -0.0287742242217, 0.100050650537, 0, 0, 0, 0, 0.593713628398, -1.99876811427, -1.36681038876, 1, PINHOLE, 600.947856253, 598.736855093, 387.361606124, 247.311443255
1333117717049680, -0.0275000035763, -0.0702541619539, 0.102172203362, 0, 0, 0, 0, 0.520160797165, -1.97270087413, -1.38356669831, 1, PINHOLE, 600.947856253, 598.736855093, 387.361606124, 247.311443255
1333117717250960, -0.00132013601251, -0.0450407750905, 0.0988988205791, 0, 0, 0, 0, 0.462560199168, -1.94222231708, -1.39302358982, 1, PINHOLE, 600.947856253, 598.736855093, 387.361606124, 247.311443255
1333117717451750, -0.0133896553889, -0.0635703653097, 0.0917858108878, 0, 0, 0, 0, 0.374307648143, -1.89983136253, -1.4102180732, 1, PINHOLE, 600.947856253, 598.736855093, 387.361606124, 247.311443255
1333117717652627, -0.0422501713037, -0.102633848786, 0.0833552107215, 0, 0, 0, 0, 0.287434214481, -1.85794690192, -1.43404664776, 1, PINHOLE, 600.947856253, 598.736855093, 387.361606124, 247.311443255
1333117717853667, -0.045487370342, -0.0793283358216, 0.078578107059, 0, 0, 0, 0, 0.221494960978, -1.78932671706, -1.45018037095, 1, PINHOLE, 600.947856253, 598.736855093, 387.361606124, 247.311443255
1333117718054464, -0.0429459661245, -0.0468728207052, 0.0800208821893, 0, 0, 0, 0, 0.175199770232, -1.78659294103, -1.46284324427, 1, PINHOLE, 600.947856253, 598.736855093, 387.361606124, 247.311443255
1333117718255991, -0.0503998696804, -0.0613905116916, 0.0799181833863, 0, 0, 0, 0, 0.0984634950648, -1.72802564917, -1.48000742452, 1, PINHOLE, 600.947856253, 598.736855093, 387.361606124, 247.311443255
1333117718456833, -0.0698025971651, -0.0955714359879, 0.0773272439837, 0, 0, 0, 0, 0.0185750584706, -1.69594246299, -1.49985124514, 1, PINHOLE, 600.947856253, 598.736855093, 387.361606124, 247.311443255
1333117718657743, -0.0559451170266, -0.0676568076015, 0.0762307867408, 0, 0, 0, 0, -0.0303949288531, -1.66293710015, -1.51608318133, 1, PINHOLE, 600.947856253, 598.736855093, 387.361606124, 247.311443255
1333117718858603, -0.062447141856, -0.0496317818761, 0.0716124400496, 0, 0, 0, 0, -0.0696743053792, -1.64071036014, -1.52654100865, 1, PINHOLE, 600.947856253, 598.736855093, 387.361606124, 247.311443255
1333117719059430, -0.0821427628398, -0.0578403249383, 0.069265678525, 0, 0, 0, 0, -0.133508523538, -1.62241879687, -1.54042487099, 1, PINHOLE, 600.947856253, 598.736855093, 387.361606124, 247.311443255
1333117719260182, -0.0945512726903, -0.116883978248, 0.066972002387, 0, 0, 0, 0, -0.209339329779, -1.62331861591, -1.56478484263, 1, PINHOLE, 600.947856253, 598.736855093, 387.361606124, 247.311443255
1333117719461060, -0.0733390748501, -0.141554370522, 0.057092834264, 0, 0, 0, 0, -0.256375030863, -1.63749098693, -1.57852933233, 1, PINHOLE, 600.947856253, 598.736855093, 387.361606124, 247.311443255
1333117719661763, -0.0488498806953, -0.0891441553831, 0.0458081923425, 0, 0, 0, 0, -0.270585138494, -1.69552223749, -1.57715080542, 1, PINHOLE, 600.947856253, 598.736855093, 387.361606124, 247.311443255
1333117719862801, -0.0349591672421, -0.0810578837991, 0.0426950342953, 0, 0, 0, 0, -0.276550356165, -1.69260813833, -1.58316582422, 1, PINHOLE, 600.947856253, 598.736855093, 387.361606124, 247.311443255
1333117720063619, -0.0317068323493, -0.106471322477, 0.0477833040059, 0, 0, 0, 0, -0.310079682131, -1.68996013069, -1.59102662006, 1, PINHOLE, 600.947856253, 598.736855093, 387.361606124, 247.311443255
1333117720264337, -0.040265712887, -0.132480472326, 0.0518517754972, 0, 0, 0, 0, -0.291221088891, -1.74469166678, -1.60047427801, 1, PINHOLE, 600.947856253, 598.736855093, 387.361606124, 247.311443255
1333117720464985, -0.0202863756567, -0.125884845853, 0.0471892133355, 0, 0, 0, 0, -0.27848938005, -1.76884819581, -1.59688710332, 1, PINHOLE, 600.947856253, 598.736855093, 387.361606124, 247.311443255
1333117720665881, -0.00762925343588, -0.0889694541693, 0.0423861667514, 0, 0, 0, 0, -0.238971816123, -1.79719003351, -1.58225276339, 1, PINHOLE, 600.947856253, 598.736855093, 387.361606124, 247.311443255
1333117720866841, -0.00734395859763, -0.00848354957998, 0.0470664016902, 0, 0, 0, 0, -0.180631034322, -1.81729075963, -1.56225620629, 1, PINHOLE, 600.947856253, 598.736855093, 387.361606124, 247.311443255
1333117721067740, -0.0116651291028, 0.0230751428753, 0.0457999333739, 0, 0, 0, 0, -0.164791416684, -1.82209061396, -1.55088749789, 1, PINHOLE, 600.947856253, 598.736855093, 387.361606124, 247.311443255
1333117721269117, -0.0182966589928, 0.00205748178996, 0.0445489995182, 0, 0, 0, 0, -0.172099026427, -1.8147633728, -1.55359139999, 1, PINHOLE, 600.947856253, 598.736855093, 387.361606124, 247.311443255

